Flights = [1, 2, 3, 4, 5, 6, 7, 8, 9, 10, 11, 12]
Flights_arrival = [8.25, 8.25, 8.5, 8.75, 8.75, 9.5, 9.5, 9.75, 9.75, 10.0, 10.0, 10.0]
Flights_t_stay = [0.67, 0.92, 0.42, 0.47, 0.92, 1.92, 0.42, 0.82, 0.87, 0.75, 1.52, 2.58]
Flights_PAX = [100, 100, 100, 100, 100, 250, 100, 250, 250, 100, 400, 400]
Flights_class = [1, 1, 1, 1, 1, 2, 1, 2, 2, 1, 2, 2]
Flights_max_tow = [2, 2, 2, 2, 2, 2, 2, 2, 2, 2, 2, 2]
Gates = [1, 2, 3, 4, 5, 6, 7, 8, 9, 10, 11]
Gates_distance = [23, 27, 27, 34, 34, 41, 41, 48, 48, 55, 55]
Gates_class = [2, 2, 2, 2, 2, 2, 2, 1, 1, 1, 1]
open_time = 8
operating_hours = 2.5
t_int = 0.25