Flights = [1, 2, 3, 4, 5, 6, 7, 8, 9, 10, 11, 12, 13, 14, 15, 16, 17, 18, 19, 20, 21, 22, 23, 24, 25, 26, 27, 28, 29, 30, 31, 32, 33, 34, 35, 36, 37, 38, 39, 40, 41, 42, 43, 44, 45, 46, 47, 48, 49, 50, 51, 52, 53, 54, 55, 56, 57, 58, 59, 60, 61, 62, 63, 64, 65, 66, 67, 68, 69, 70]
Flights_arrival = [7.75, 7.75, 7.75, 7.75, 7.25, 7.75, 7.75, 7.75, 7.5, 7.5, 7.25, 7.5, 7.5, 8.5, 8.25, 8.75, 8.25, 8.5, 8.25, 8.25, 8.0, 8.25, 8.75, 8.0, 8.0, 8.0, 9.25, 9.5, 9.0, 9.0, 9.25, 9.5, 9.75, 9.0, 9.25, 9.75, 9.75, 10.25, 10.75, 10.25, 10.75, 10.25, 10.25, 10.0, 10.25, 10.0, 10.75, 10.25, 10.5, 10.75, 10.75, 11.5, 11.75, 11.0, 11.0, 11.0, 11.25, 11.25, 11.75, 11.0, 11.75, 12.5, 12.75, 12.0, 12.25, 12.5, 12.75, 12.75, 12.25, 12.0]
Flights_t_stay = [2.75, 0.75, 0.75, 0.75, 0.75, 1.5, 0.75, 0.75, 0.75, 2.5, 0.75, 0.75, 0.75, 0.75, 0.75, 0.75, 2.25, 1.75, 0.75, 0.75, 0.75, 1.25, 0.75, 1.5, 0.75, 0.75, 0.75, 0.75, 2.75, 1.75, 1.0, 0.75, 1.5, 1.25, 1.0, 0.75, 0.75, 1.5, 1.25, 1.25, 2.75, 1.5, 1.25, 1.25, 0.75, 0.75, 0.75, 0.75, 0.75, 1.25, 1.75, 1.25, 1.0, 0.75, 1.75, 0.75, 1.75, 1.25, 1.0, 0.75, 1.0, 1.5, 0.75, 0.75, 1.5, 0.75, 1.25, 0.75, 1.25, 1.5]
Flights_PAX = [400, 100, 250, 400, 400, 400, 400, 100, 100, 400, 250, 100, 250, 100, 100, 100, 400, 250, 100, 100, 100, 400, 100, 100, 400, 250, 100, 400, 400, 250, 250, 100, 250, 250, 250, 400, 250, 250, 400, 250, 400, 250, 250, 250, 250, 250, 250, 250, 250, 250, 250, 250, 250, 250, 250, 250, 250, 250, 250, 250, 250, 250, 250, 250, 250, 250, 250, 250, 250, 250]
Flights_class = [2, 1, 2, 2, 2, 2, 2, 1, 1, 2, 2, 1, 2, 1, 1, 1, 2, 2, 1, 1, 1, 2, 1, 1, 2, 2, 1, 2, 2, 2, 2, 1, 2, 2, 2, 2, 2, 2, 2, 2, 2, 2, 2, 2, 2, 2, 2, 2, 2, 2, 2, 2, 2, 2, 2, 2, 2, 2, 2, 2, 2, 2, 2, 2, 2, 2, 2, 2, 2, 2]
Flights_max_tow = [2, 2, 2, 2, 2, 2, 2, 2, 2, 2, 2, 2, 2, 2, 2, 2, 2, 2, 2, 2, 2, 2, 2, 2, 2, 2, 2, 2, 2, 2, 2, 2, 2, 2, 2, 2, 2, 2, 2, 2, 2, 2, 2, 2, 2, 2, 2, 2, 2, 2, 2, 2, 2, 2, 2, 2, 2, 2, 2, 2, 2, 2, 2, 2, 2, 2, 2, 2, 2, 2]
Gates = [1, 2, 3, 4, 5, 6, 7, 8, 9, 10, 11, 12, 13, 14, 15, 16, 17]
Gates_distance = [23, 27, 27, 34, 34, 41, 41, 48, 48, 55, 55, 62, 62, 69, 69, 76, 76]
Gates_class = [2, 2, 2, 2, 2, 2, 2, 2, 2, 2, 2, 2, 2, 2, 1, 1, 1]
open_time = 7
operating_hours = 5
t_int = 0.25